750
1
28
95 97
837 872
721 151
372 670
469 912
234 528
6 51
979 114
32 162
27 44
256 481
665 789
982 46
622 770
740 795
597
847 31
67 91
40 285
169 444
20 336
331 414
12 101
438 471
119 138
80 128
105 470
198 8
64 124
350 482
49 662
607 995
204 401
716 108
188 947
339 355
695 99
455 30
137 165
866 937
808 894
664 825
251
386 637
129 26
345 409
236 930
582 15
960 587
147 226
172 344
153 115
475 155
758 156
96 262
200 371
36 273
263 330
88 271
175 270
447 524
513 571
231 244
341 76
93 134
991 117
150 160
468
956 55
573 617
161 221
619 492
370
23
437 674
817 927
185 266
653 973
376 525
10 182
835 846
157 558
242 415
146 290
496 630
405 583
227 65
408 478
183 452
403 501
90
84 195
71 280
861 18
322 327
116 394
620 498
304 324
246 552
962
54 102
609 631
248 338
168 337
131 2
424 841
163 259
297 321
214 385
199 769
0 72
118 967
291 388
368 518
581 47
885 66
705 840
735 249
269 57
675 579
109
820
69 359
133 813
410 564
578 943
61 37
241
218 53
765 288
94 454
224 250
484 104
413 562
553 289
853 392
215 407
383 476
190 52
4
833 85
243 800
676 681
726 353
87
223 796
957 858
566 683
612 79
788 801
534 990
490 180
228
466 511
11
298
19
443 126
832 68
521 920
318 892
625 171
22
775
441
144 207
461 237
474 660
628 158
428 307
3
387
17
580 601
563 59
535 715
688
48
595 82
494 834
585 737
533
275
586 915
797 881
736
38
203
793 130
139
928 445
306 402
703 335
197
965 449
193
773 252
202
600 365
977 152
624 206
238 838
510 697
399 774
545 366
657 879
313
472
919 434
5
652
487 458
873 751
517 903
432 572
465 615
701 945
862 984
711 818
216
495 805
503 390
148
245
210
406
446
89
300
810 123
762 806
77
598 659
752 173
247
255
855
542 191
993 373
760 710
178
279
898 464
522 257
857 876
347
98
140
618 643
910 363
992
356
334
506
398 537
416
750 343
497
230
606
13
485
596
567
996 417
635 418
211
287
113
516
744 384
605
964
78
286
544 794
422 310
127
217
929 375
759 568
529 527
884 143
261
814 686
349
856 717
25
602
29
86 636
889
120
638
325
644
309
536
714 577
34
314
272
684 633
320
913
746
106
382 543
629
626
893
689 871
604
480
222
514
92
260
24
125
951
570
7
949 952
176
614
295 709
975
264 459
301
488
426 632
690
753 763
209
720 603
918 634
73
743
364
81
450
281
661 253
103
985 427
141
994
696 916
922
393
225
179
194
467
815
254
181
546
149
532
499
723
627
849
589 868
154
70
940 548
911 512
453
799
167
590 891
451
745
220
41
433
698 946
292
648
509
557
707
462
608 953
941 883
395 685
802
575
970
547 599
704
174
121
201
724
189
666 824
305
56
328
671
776
50
479
296
166
504
329
972
699 749
457
267
692
187
781 934
9
60
75
616
755
184
83
860
21
904 968
358
35
460
654
549
177
112
14
43
110
293
400
62
576
229
909 958
136
673 700
650
924
196
436
584
412
360
473
145
768
828 988
311
132
276
731 901
785
122
508
539
423
756
899
111
239
39
135
16
208
645
569
515
164
463
727
613
816 961
389
974 980
45
235
519
232
317
352
761
798 668
678
747
897 999
729
812
777
63
505
302
367
997
588
74
100
826
493
551
348
439
923
323
421
170
268
435
677
240
299
186
294
159
283
732
565
192
411
42
284
316
621
213
332
778
277
361
33
477
559
531
381
848
219
278
357
312
803
764
669
865
404
142
362
342
425
265
823
844
932 981
969
107
212
315
419 651
374
205
520
867
767
369
486
682
274
377
346
378
594
712
431
556
351
258
319
333
430
507
391
908
950
397
623
502
830
326
429
550
733
233
380
530
500
647
561
354
718
442
420
811
396
448
771
560
554
456
282
303
379
679
819
658
667
691
787
725
907
663
870
687
611
741
649
489
641
308
730
483
540
555
541
942
728
925
526
939
610
646
680
642
538
640
719
440
574
807
722
978
592
842
790
706
836
591
791
757
779
963
702
888
843
822
713
742
905
738
786
672
708
886
831
766
784
754
926
694
491
976
917
693
656
936
896
772
859
340
739
851
845
874
875
906
748
593
639
880
809
921
821
655
933
989
734
852
878
829
804
827
864
869
887
863
780
955
792
931
850
877
890
966
983
839
948
986
954
998
938
935
854
895
944
900
914
959
971
902 58
523 782
987
783 882
